1 0.91 22 306.42
  2 2.73 44 289.574
  3 4.55 22 295.179
  4 6.37 44 291.727
  5 8.19 22 296.007
  6 10.01 43.4 297.134
  7 11.83 22.6 300.288
  8 13.65 35.16 305.212
  9 15.47 30.84 296.077
  10 17.29 24.39 303.862
  11 19.11 41.61 293.135
  12 20.93 22.05 288.356
  13 22.75 43.95 304.925
  14 24.57 22 302.508
  15 26.39 44 318.538
  16 28.21 22 320.295
  17 30.03 44 310.428
  18 31.85 22 308.605
  19 33.67 44 317.775
  20 35.49 22 318.682
  21 37.31 44 320.052
  22 39.13 22 303.072
  23 40.95 44 299.469
  24 42.77 22 309.169
  25 44.59 40.84 312.446
  26 46.41 25.16 319.788
  27 48.23 26.3 315.269
  28 50.05 39.7 304.478
  29 51.87 22.54 310.643
  30 53.69 43.46 308.282
  31 55.51 22.01 295.665
  32 57.33 43.99 278.859
  33 59.15 22 277.925
  34 60.97 44 303.58
  35 62.79 22 298.611
  36 64.61 44 302.104
  37 66.43 22 282.952
  38 68.25 44 318.499
  39 70.07 22 308.874
  40 71.89 43.97 312.539
  41 73.71 22.03 319.919
  42 75.53 42.17 323.623
  43 77.35 23.83 318.38
  44 79.17 30.84 298.522
  45 80.99 35.16 304.102
  46 82.81 22.31 290.701
  47 84.63 43.69 288.487
  48 86.45 22 280.265
  49 88.27 44 290.108
  50 90.09 22 277.93
  51 91.91 44 303.635
  52 93.73 22 286.998
  53 95.55 44 302.57
  54 97.37 22 291.417
  55 99.19 44 289.862
  56 101.01 22 290.106